&GRID_NML
 ERR=   0.1     ,
 NX=         11,
 NY=         11,
 LLCX=  0.0000000000000000     ,
 LLCY=  0.0000000000000000     ,
 URCX=  1.0000000000000000     ,
 URCY=  1.0000000000000000     ,
 /
