&OBS_SET_NML
 NOBS=        2,
 DEFAULT_ERR= 1.00000000000000002E-002,
 /
&OBS_NML
 X= 0.75     ,
 Y= 0.5     ,
 VAL=  10.9     ,
 ERR= 1.79769313486231571E+308,
 /
&OBS_NML
 X= 0.25     ,
 Y= 0.5     ,
 VAL=  9.1     ,
 ERR= 1.79769313486231571E+308,
 /
